1.84203 -2.72462
-1.51376 -2.39684
-1.54997 0.408545
-1.71367 0.264508
-2.11761 -4.1263
1.0618 0.000859499
2.66029 2.35986
3.46152 3.492
0.957071 -2.27275
-2.81957 1.16248
3.69408 -1.09549
-0.857822 -0.619267
1.61209 -2.19042
2.83485 -3.85576
-2.52114 -3.09519
0.544252 2.46133
-2.70415 1.15601
2.66639 -0.256971
-1.06897 -3.55319
-2.4746 3.61772
1.62279 -2.91319
4.14742 -1.09136
2.46423 -2.24471
4.74574 -1.48644
-3.80137 -1.24568
0.189697 -0.500849
3.21975 0.465086
1.37023 1.98016
4.46926 0.0308889
4.66605 -1.02212
-0.624653 4.70709
-1.7916 4.26011
-3.65948 -3.24322
-3.65415 2.1223
0.247642 3.54891
4.44257 -1.97326
-0.901058 0.777953
-1.28812 0.395041
-2.73146 0.312065
-0.539691 3.75474
-2.33779 4.10999
-0.409036 -0.0484204
-0.670947 4.31305
-2.40377 0.791956
-3.66286 -0.138768
-0.807716 0.135441
0.0686049 3.563
-1.75675 -2.68108
1.84689 4.06724
-0.569065 -3.20622
-0.64337 -1.58458
2.93023 2.49276
3.15556 0.0926077
2.89256 0.809443
0.0126743 -2.45357
0.551819 1.7334
1.3075 -2.08921
-2.54324 -4.25711
1.15725 4.63284
-1.9504 1.70589
2.66968 1.4099
-2.32771 -4.09117
-4.60494 1.33013
-2.03438 -1.0167
0.56365 4.92119
1.89125 2.72241
0.590291 -2.34954
0.333542 -1.85483
-1.06901 4.79291
-0.419331 4.9548
-2.91755 1.904
2.57273 -2.21591
0.46692 -0.889382
-1.42612 4.3783
2.00998 -2.25844
-3.90778 1.65917
0.973021 4.88055
1.59176 -4.19388
0.800064 -4.86036
4.09952 -1.65937
1.36006 2.00652
0.255612 2.30462
-2.40377 -4.34349
2.3195 0.564386
-3.35709 -1.54841
-2.19603 -2.80965
0.47096 1.48373
0.412684 2.05766
2.8754 3.90562
4.69428 1.65885
-3.19532 -2.21762
4.30599 1.58852
-4.54848 -0.31468
-2.59354 -2.82908
4.04813 -1.85036
-3.44539 3.14657
0.0236738 -3.20097
0.677329 0.760323
2.16037 2.52181
0.529287 -1.81018
-1.19636 3.54159
-1.03431 2.58361
0.767417 -4.13099
0.7758 1.13672
4.32196 0.616856
-3.93127 1.27241
2.3215 2.48707
1.08886 -0.625235
2.19666 1.15991
-1.97248 -1.13616
-0.409777 -1.93833
-1.14648 -1.59672
-1.38284 -4.63367
-2.12416 2.37289
3.16713 0.0458932
-0.494719 3.39948
3.06633 -2.06577
2.90173 -2.85932
-2.17042 -4.33942
1.37523 0.393953
-0.757145 -2.99222
4.05531 2.34119
-0.826792 -3.29455
-3.45942 3.47348
0.399992 1.98793
4.37091 -1.95069
1.60955 -1.63955
-1.05343 -3.76997
-2.41009 -3.55012
3.47912 -3.57935
4.45056 1.54819
-1.23 -2.88968
-4.3272 1.16509
-3.18418 0.0882995
0.757476 -0.620996
-3.14115 3.15652
-2.08552 1.10357
-0.383359 -3.34886
-1.53023 0.319199
-1.81834 2.99811
-0.400854 1.01462
1.58453 -0.673646
-3.41196 3.52165
3.02663 -1.12961
-0.914202 0.957611
-1.72608 1.82415
2.46015 -3.51001
2.46352 4.22931
-3.25962 -2.61119
1.27409 -3.90286
3.4189 0.167273
0.100828 -1.74659
-3.34236 3.69928
2.14305 -4.07707
-2.81462 -3.78289
-2.88164 2.13797
3.59302 -1.18662
0.233774 -1.12179
-0.226372 -1.91043
3.89883 1.77958
-4.34924 -2.42129
0.094561 2.66891
1.20798 1.34317
-2.70004 -3.91547
-4.78128 0.578313
-3.61011 -0.365661
-1.13206 -2.24999
-1.73607 3.78619
-3.62839 1.66142
-1.15246 1.47306
0.626358 -4.39589
1.33835 -3.6788
0.416064 4.08284
-1.85007 -0.477415
-3.40673 2.6283
-3.47384 3.24655
2.09803 1.82749
-0.351356 1.05118
-3.86729 -0.356545
2.00879 3.7441
-3.20014 -3.4126
3.03668 -0.557309
0.139561 3.2137
0.484383 1.78188
-2.92155 3.66008
2.84589 -1.09885
0.264896 -3.3764
0.710233 -1.80702
-0.779593 -0.08412
2.21156 2.61409
-4.26862 -0.499808
0.948619 4.55158
-0.51199 -0.524727
1.52577 1.74943
-1.96527 1.91309
1.0744 -0.131451
-2.21098 -3.86678
2.99562 -1.2678
2.96169 1.95491
-0.556619 -0.120832
